   0.0000000000000000        13.009999999776483     
   1.0000000000000000        13.019999999552965     
   2.0000000000000000        13.029999999329448     
   3.0000000000000000        13.039999999105930     
   4.0000000000000000        13.049999998882413     
   5.0000000000000000        13.059999998658895     
   6.0000000000000000        13.069999998435378     
   7.0000000000000000        13.079999998211861     
   8.0000000000000000        13.089999997988343     
   9.0000000000000000        13.099999997764826     
   10.000000000000000        13.109999997541308     
   11.000000000000000        13.119999997317791     
   12.000000000000000        13.129999997094274     
   13.000000000000000        13.139999996870756     
   14.000000000000000        13.149999996647239     
   15.000000000000000        13.159999996423721     
   16.000000000000000        13.169999996200204     
   17.000000000000000        13.179999995976686     
   18.000000000000000        13.189999995753169     
   19.000000000000000        13.199999995529652     
   20.000000000000000        13.209999995306134     
   21.000000000000000        13.219999995082617     
   22.000000000000000        13.229999994859099     
   23.000000000000000        13.239999994635582     
   24.000000000000000        13.249999994412065     
   25.000000000000000        13.259999994188547     
   26.000000000000000        13.269999993965030     
   27.000000000000000        13.279999993741512     
   28.000000000000000        13.289999993517995     
   29.000000000000000        13.299999993294477     
   30.000000000000000        13.309999993070960     
   31.000000000000000        13.319999992847443     
   32.000000000000000        13.329999992623925     
   33.000000000000000        13.339999992400408     
   34.000000000000000        13.349999992176890     
   35.000000000000000        13.359999991953373     
   36.000000000000000        13.369999991729856     
   37.000000000000000        13.379999991506338     
   38.000000000000000        13.389999991282821     
   39.000000000000000        13.399999991059303     
   40.000000000000000        13.409999990835786     
   41.000000000000000        13.419999990612268     
   42.000000000000000        13.429999990388751     
   43.000000000000000        13.439999990165234     
   44.000000000000000        13.449999989941716     
   45.000000000000000        13.459999989718199     
   46.000000000000000        13.516666655366619     
   47.000000000000000        13.576666654291607     
   48.000000000000000        13.640512806997249     
   49.000000000000000        13.708846139113653     
   50.000000000000000        13.782482501442779     
   51.000000000000000        13.862482500027168     
   52.000000000000000        13.950260276256881     
   53.000000000000000        14.047760274543247     
   54.000000000000000        14.157760272616740     
   55.000000000000000        14.284426937073068     
   56.000000000000000        14.434426934465364     
   57.000000000000000        14.619426931261614     
   58.000000000000000        14.862760260397787     
   59.000000000000000        15.222760254213805     
   60.000000000000000        15.937760241957600     
   61.000000000000000        16.302757841919973     
   62.000000000000000        16.551090113595336     
   63.000000000000000        16.741088632353947     
   64.000000000000000        16.896086581793195     
   65.000000000000000        17.027750432255377     
   66.000000000000000        17.142746594659261     
   67.000000000000000        17.245241404808841     
   68.000000000000000        17.338012215364238     
   69.000000000000000        17.423002928173545     
   70.000000000000000        17.501626996563012     
   71.000000000000000        17.574944159424078     
   72.000000000000000        17.643769181279655     
   73.000000000000000        17.708741734890950     
   74.000000000000000        17.770372965357794     
   75.000000000000000        17.785327476558273     
   76.000000000000000        17.800269406234186     
   77.000000000000000        17.815195672930852     
   78.000000000000000        17.830102539475345     
   79.000000000000000        17.844985495396241     
   80.000000000000000        17.859839122571927     
   81.000000000000000        17.874656942463812     
   82.000000000000000        17.889431243247941     
   83.000000000000000        17.904152885133911     
   84.000000000000000        17.918811082158125     
   85.000000000000000        17.933393158761909     
   86.000000000000000        17.947884279517858     
   87.000000000000000        17.962267150453592     
   88.000000000000000        17.976521690544175     
   89.000000000000000        17.990624672106303     
   90.000000000000000        18.004549329032216     
   91.000000000000000        18.018264932051903     
   92.000000000000000        18.031736330511198     
   93.000000000000000        18.044923460502687     
   94.000000000000000        18.057780819587766     
   95.000000000000000        18.070256908802030     
   96.000000000000000        18.082293643143355     
   97.000000000000000        18.093825732300893     
   98.000000000000000        18.104780033993137     
   99.000000000000000        18.115074882940871     
   100.00000000000000        18.124619399203123     
   101.00000000000000        18.133312780346380     
   102.00000000000000        18.141043582693374     
   103.00000000000000        18.147688997701060     
   104.00000000000000        18.153114130339610     
   105.00000000000000        18.157171287176421     
   106.00000000000000        18.159699282700423     
   107.00000000000000        18.160522773241588     
   108.00000000000000        18.159451628635313     
   109.00000000000000        18.156280352538399     
   110.00000000000000        18.150787563008087     
   111.00000000000000        18.142735545593190     
   112.00000000000000        18.131869891741214     
   113.00000000000000        18.117919235781521     
   114.00000000000000        18.100595104085706     
   115.00000000000000        18.079591890216584     
   116.00000000000000        18.054586969939912     
   117.00000000000000        18.025240969873199     
   118.00000000000000        17.991198203268159     
   119.00000000000000        17.952087285954129     
   120.00000000000000        17.907521944795803     
   121.00000000000000        17.857102030129258     
   122.00000000000000        17.800414742525671     
   123.00000000000000        17.737036082885325     
   124.00000000000000        17.666532533281018     
   125.00000000000000        17.588462974147419     
   126.00000000000000        17.502380841353030     
   127.00000000000000        17.407836524398750     
   128.00000000000000        17.304380004470037     
   129.00000000000000        17.191563728341180     
   130.00000000000000        17.068945711206727     
   131.00000000000000        16.936092858418647     
   132.00000000000000        16.792584492863885     
   133.00000000000000        16.638016071357203     
   134.00000000000000        16.472003069983689     
   135.00000000000000        16.294185014845333     
   136.00000000000000        16.104229631191398     
   137.00000000000000        15.901837080492578     
   138.00000000000000        15.686744251707742     
   139.00000000000000        15.458729069846521     
   140.00000000000000        15.217614782010303     
   141.00000000000000        14.963274178460429     
   142.00000000000000        14.695633703978180     
   143.00000000000000        14.414677412908244     
   144.00000000000000        14.120450719877899     
   145.00000000000000        13.813063897315306     
   146.00000000000000        13.492695270607159     
   147.00000000000000        13.159594062086164     
   148.00000000000000        12.814082836064275     
   149.00000000000000        12.456559498859823     
   150.00000000000000        12.087498810228951     
   151.00000000000000        11.707453365813175     
   152.00000000000000        11.317054014154660     
   153.00000000000000        10.917009676491181     
   154.00000000000000        10.508106542894138     
   155.00000000000000        10.091206624308837     
   156.00000000000000        9.6672456466356369     
   157.00000000000000        9.2372302800775330     
   158.00000000000000        8.8022347044846452     
   159.00000000000000        8.3633965192447057     
   160.00000000000000        7.9219120142874440     
   161.00000000000000        7.4790308268648555     
   162.00000000000000        7.0360500168066773     
   163.00000000000000        6.5943076007960677     
   164.00000000000000        6.1551755937247679     
   165.00000000000000        5.7200526122349373     
   166.00000000000000        5.2903561020029155     
   167.00000000000000        4.8675142560450837     
   168.00000000000000        4.4529576962139048     
   169.00000000000000        4.0481109940033146     
   170.00000000000000        3.6543841097148850     
   171.00000000000000        3.2731638308840374     
   172.00000000000000        2.9058052915871531     
   173.00000000000000        2.5536236538226040     
   174.00000000000000        2.2178860305841503     
   175.00000000000000        1.8998037275476929     
   176.00000000000000        1.6005248765171431     
   177.00000000000000        1.3211275289934947     
   178.00000000000000        1.0626132725263120     
   179.00000000000000       0.82590142598825944     
   180.00000000000000       0.61182386269763156     
   181.00000000000000       0.42112050253510197     
   182.00000000000000       0.25443550599906800     
   183.00000000000000       0.11231419466425822     
   184.00000000000000       -4.7992861013887514E-003
   185.00000000000000       -9.6563554900454651E-002
   186.00000000000000      -0.16274083372713444     
   187.00000000000000      -0.20319704837238792     
   188.00000000000000      -0.21790120687874878     
   189.00000000000000      -0.20692408033152435     
   190.00000000000000      -0.17043621688241822     
   191.00000000000000      -0.10870532582140061     
   192.00000000000000       -2.2093073684570787E-002
   193.00000000000000        8.8948661232974915E-002
   194.00000000000000       0.22388202602470761     
   195.00000000000000       0.38208786930202437     
   196.00000000000000       0.56287080169758807     
   197.00000000000000       0.76546458499568082     
   198.00000000000000       0.98903779375781886     
   199.00000000000000        1.2326996936340728     
   200.00000000000000        1.4955062815206919     
   201.00000000000000        1.7764664342816427     
   202.00000000000000        2.0745481148214040     
   203.00000000000000        2.3886845868102937     
   204.00000000000000        2.7177805922440883     
   205.00000000000000        3.0607184491939408     
   206.00000000000000        3.4163640304990501     
   207.00000000000000        3.7835725877036230     
   208.00000000000000        4.1611943881778446     
   209.00000000000000        4.5480801370311248     
   210.00000000000000        4.9430861590710995     
   211.00000000000000        5.3450793196399200     
   212.00000000000000        5.7529416666278399     
   213.00000000000000        6.1655747792933226     
   214.00000000000000        6.5819038126809346     
   215.00000000000000        7.0008812294045031     
   216.00000000000000        7.4214902133397365     
   217.00000000000000        7.8427477623390853     
   218.00000000000000        8.2637074594388977     
   219.00000000000000        8.6834619241756617     
   220.00000000000000        9.1011449475684287     
   221.00000000000000        9.5159333160651141     
   222.00000000000000        9.9270483313012292     
   223.00000000000000        10.333757033890340     
   224.00000000000000        10.735373140669363     
   225.00000000000000        11.131257705869032     
   226.00000000000000        11.520819517585016     
   227.00000000000000        11.903515241697740     
   228.00000000000000        12.278849326042405     
   229.00000000000000        12.646373678173880     
   230.00000000000000        13.005687130514501     
   231.00000000000000        13.356434707023606     
   232.00000000000000        13.698306705794277     
   233.00000000000000        14.031037612170245     
   234.00000000000000        14.354404857089486     
   235.00000000000000        14.668227435405047     
   236.00000000000000        14.972364398910939     
   237.00000000000000        15.266713238714001     
   238.00000000000000        15.551208171443795     
   239.00000000000000        15.825818343583117     
   240.00000000000000        16.090545967933384     
   241.00000000000000        16.345424405903206     
   242.00000000000000        16.590516208926630     
   243.00000000000000        16.825911131881416     
   244.00000000000000        17.051724130889674     
   245.00000000000000        17.268093357345727     
   246.00000000000000        17.475178159431980     
   247.00000000000000        17.673157101756946     
   248.00000000000000        17.862226013083827     
   249.00000000000000        18.042596071418302     
   250.00000000000000        18.214491934995092     
   251.00000000000000        18.378149926950037     
   252.00000000000000        18.533816280693447     
   253.00000000000000        18.681745452217740     
   254.00000000000000        18.822198504783504     
   255.00000000000000        18.955441570639778     
   256.00000000000000        19.081744393652642     
   257.00000000000000        19.201378955947046     
   258.00000000000000        19.314618190916239     
   259.00000000000000        19.421734784226601     
   260.00000000000000        19.523000063748377     
   261.00000000000000        19.618682978679193     
   262.00000000000000        19.709049167501863     
   263.00000000000000        19.794360113834035     
   264.00000000000000        19.874872388687862     
   265.00000000000000        19.950836977165668     
   266.00000000000000        20.022498687173716     
   267.00000000000000        20.090095637342394     
   268.00000000000000        20.153858820997566     
   269.00000000000000        20.214011742734318     
   270.00000000000000        20.270770123900558     
   271.00000000000000        20.324341673102545     
   272.00000000000000        20.374925917695684     
   273.00000000000000        20.422714092120117     
   274.00000000000000        20.467889078879132     
   275.00000000000000        20.510625397936671     
   276.00000000000000        20.551089240325094     
   277.00000000000000        20.589438541803105     
   278.00000000000000        20.625823092482719     
   279.00000000000000        20.660384678450416     
   280.00000000000000        20.693257251537361     
   281.00000000000000        20.724567123544155     
   282.00000000000000        20.754433181392884     
   283.00000000000000        20.782967119860889     
   284.00000000000000        20.810273688743173     
   285.00000000000000        20.836450951490846     
   286.00000000000000        20.861590552579116     
   287.00000000000000        20.885777991067204     
   288.00000000000000        20.909092898021935     
   289.00000000000000        20.931609315684948     
   290.00000000000000        20.953395976468066     
   291.00000000000000        20.974516580061149     
   292.00000000000000        20.995030067130195     
   293.00000000000000        21.014990888269327     
   294.00000000000000        21.034449267047602     
   295.00000000000000        21.053451456159706     
   296.00000000000000        21.072039985847624     
   297.00000000000000        21.090253903908259     
   298.00000000000000        21.108129006739077     
   299.00000000000000        21.125698061000318     
   300.00000000000000        21.142991015588077     
   301.00000000000000        21.160035203717559     
